0.1 1 9.6091e-06 0.00018303
0.182759 0.999968 0.0468644 0.469938
0.265517 0.999028 1.01552 6.76285
0.348276 0.994167 4.837 23.8704
0.431034 0.982324 12.3742 48.5417
0.513793 0.962277 23.2383 76.2016
0.596552 0.934351 36.6581 104.083
0.67931 0.899788 51.8808 130.49
0.762069 0.860238 68.2564 154.405
0.844828 0.817164 85.2699 175.562
0.927586 0.77143 102.551 194.15
1.01034 0.723306 119.843 210.377
1.0931 0.672716 136.96 224.219
1.17586 0.619557 153.74 235.222
1.25862 0.564125 170.013 242.818
1.34138 0.507115 185.639 247.68
1.42414 0.44858 200.578 251.23
1.5069 0.387391 214.818 252.163
1.58966 0.323191 228.165 245.494
1.67241 0.258608 240.302 232.246
1.75517 0.194566 251.198 219.001
1.83793 0.126273 260.907 199.595
1.92069 0.0483094 269.065 166.758
2.00345 0.0011894 274.769 119.853
2.08621 5.25349e-05 279.473 112.691
2.16897 4.90458e-06 283.729 106.114
2.25172 2.11416e-07 287.587 100.011
2.33448 4.21047e-09 291.094 94.3511
2.41724 4.17326e-11 294.289 89.1007
2.5 2.0095e-13 297.206 84.2294
