0 15
0 45
0 266
1 3
2 51
2 185
3 7
3 119
3 157
3 428
3 431
4 114
5 149
5 432
6 17
6 164
6 366
6 425
8 421
9 204
9 276
10 411
10 435
11 12
11 13
11 15
14 15
15 16
15 18
15 56
16 19
16 20
16 280
16 333
21 22
21 139
22 139
22 154
22 196
23 24
24 156
24 169
25 98
25 424
26 27
27 84
27 172
28 306
28 315
29 30
30 181
30 185
31 375
31 443
32 33
32 238
34 221
35 324
35 418
36 146
36 261
37 38
37 397
38 39
38 280
39 416
40 46
40 327
40 412
41 171
41 327
42 174
43 101
43 285
44 173
44 202
44 263
44 284
45 252
46 152
46 284
47 204
47 270
47 282
47 305
48 49
48 113
48 454
49 237
49 330
49 441
50 81
50 408
51 396
52 270
52 309
53 161
53 405
54 268
54 362
55 123
55 223
56 83
57 58
57 59
58 346
58 376
60 331
60 417
61 437
62 63
62 88
62 189
62 393
64 65
64 427
64 435
66 68
66 69
66 70
67 69
67 71
67 72
67 213
69 70
69 71
69 141
69 310
69 319
70 73
70 74
70 75
70 90
70 352
71 211
71 212
71 439
71 463
76 77
76 186
76 263
77 122
77 264
78 79
78 213
78 420
79 146
79 251
79 354
79 392
79 436
80 395
80 456
81 286
82 386
82 422
83 172
84 87
84 115
84 274
84 453
85 87
86 87
86 235
88 325
89 90
89 385
90 92
90 93
90 94
90 370
91 94
91 386
94 95
96 325
96 421
97 149
97 155
98 223
99 157
99 219
99 390
100 101
101 177
101 232
101 285
102 305
102 428
103 104
103 190
103 256
103 262
105 254
106 245
106 333
107 190
107 379
108 111
109 111
110 111
111 122
111 178
111 297
112 262
112 336
112 377
112 415
113 114
113 284
114 353
115 116
116 118
117 123
117 345
118 345
119 428
120 122
121 122
121 186
121 263
121 296
122 178
122 264
124 125
125 384
126 128
126 225
127 224
127 437
129 140
130 140
131 140
132 141
133 142
134 139
135 140
135 141
135 143
136 140
136 141
136 144
137 198
137 339
138 146
141 142
141 472
141 477
141 486
142 241
145 182
145 244
145 338
147 433
147 442
148 149
148 216
149 396
150 152
150 153
150 154
151 152
151 153
151 154
152 202
154 240
155 156
158 159
158 182
158 247
158 387
158 391
159 368
159 398
160 409
161 354
162 166
162 245
163 166
163 230
163 416
163 469
165 340
165 422
167 168
168 343
168 399
169 324
170 171
172 201
173 174
173 284
175 463
176 225
177 339
179 180
180 232
182 183
182 184
182 247
187 197
187 211
188 189
189 400
190 191
190 194
190 195
190 373
190 379
190 415
191 192
191 193
196 464
197 200
198 363
199 279
201 246
202 296
203 204
203 205
203 206
204 207
204 282
204 356
204 368
206 277
207 208
209 210
210 456
210 464
212 443
214 389
214 439
215 216
215 217
215 218
216 276
216 285
216 428
218 234
219 270
219 448
220 366
220 463
221 239
221 435
222 344
222 397
222 406
223 376
223 453
224 225
224 281
224 376
226 227
227 419
228 229
229 314
229 435
230 385
230 472
231 232
231 233
231 234
235 300
235 398
236 299
236 307
237 293
238 321
239 421
240 328
241 257
241 430
241 479
242 243
242 308
244 299
246 332
247 248
248 249
248 250
251 362
252 255
253 255
254 255
254 384
256 265
256 335
256 401
256 426
257 258
257 259
257 260
257 430
257 465
261 442
262 335
262 377
263 264
266 406
267 268
268 421
269 371
269 403
270 271
270 309
270 376
271 272
271 273
274 344
274 374
274 406
275 314
275 393
276 431
277 278
277 430
277 478
279 280
283 284
283 286
283 287
284 288
284 289
285 288
285 289
288 290
289 291
292 293
293 418
294 446
295 296
295 297
295 298
296 455
299 371
300 301
300 303
300 305
300 309
300 322
300 428
301 302
301 492
303 304
303 493
305 309
306 433
307 372
308 408
309 316
309 317
309 318
309 390
310 316
310 317
310 318
310 319
311 316
312 317
313 318
315 427
319 320
320 400
321 322
322 339
322 434
323 324
326 327
328 395
329 330
331 334
332 391
334 433
336 342
337 393
338 341
340 422
342 415
344 347
344 349
344 351
344 352
345 346
345 348
345 350
345 352
345 374
351 394
352 402
353 419
355 384
356 357
356 358
356 360
356 398
357 359
357 361
364 437
365 366
366 375
366 425
367 368
367 369
367 370
368 371
368 372
372 391
373 407
376 394
378 379
378 380
378 382
379 383
380 416
380 429
381 383
387 388
389 438
391 403
392 438
395 456
395 464
399 441
401 402
404 405
407 426
409 417
410 411
411 436
413 414
413 415
413 416
419 423
420 421
420 434
428 430
429 430
433 436
434 435
440 441
444 445
444 446
444 448
445 449
445 454
446 454
447 449
448 450
448 451
448 452
453 454
455 456
455 457
456 458
456 459
456 460
456 461
456 462
465 466
465 479
466 480
467 471
467 477
468 472
468 477
469 470
470 471
472 473
472 474
472 475
472 476
479 480
479 482
480 481
480 482
480 485
481 485
482 483
482 484
487 489
487 492
487 493
488 489
488 490
489 491